>>> a
166540

>>> p[a]
2256703

>>> 1511**2
2283121

>>> second[0:300]
[[2, 5], [3, 4], [5, 4], [7, 3], [11, 3], [13, 3], [17, 3], [19, 3], [23, 3], [29, 3], [31, 3], [37, 3], [41, 2], [43, 2], [47, 2], [53, 2], [59, 2], [61, 2], [67, 2], [71, 2], [73, 2], [79, 2], [83, 2], [89, 2], [97, 2], [101, 2], [103, 2], [107, 2], [109, 2], [113, 2], [127, 2], [131, 2], [137, 2], [139, 2], [149, 2], [151, 2], [157, 2], [163, 2], [167, 2], [173, 2], [179, 2], [181, 2], [191, 2], [193, 2], [197, 2], [199, 2], [211, 2], [223, 2], [227, 2], [229, 2], [233, 2], [239, 2], [241, 2], [251, 2], [257, 2], [263, 2], [269, 2], [271, 2], [277, 2], [281, 2], [283, 2], [293, 2], [307, 2], [311, 2], [313, 2], [317, 2], [331, 2], [337, 2], [347, 2], [349, 2], [353, 2], [359, 2], [367, 2], [373, 2], [379, 2], [383, 2], [389, 2], [397, 2], [401, 2], [409, 2], [419, 2], [421, 2], [431, 2], [433, 2], [439, 2], [443, 2], [449, 2], [457, 2], [461, 2], [463, 2], [467, 2], [479, 2], [487, 2], [491, 2], [499, 2], [503, 2], [509, 2], [521, 2], [523, 2], [541, 2], [547, 2], [557, 2], [563, 2], [569, 2], [571, 2], [577, 2], [587, 2], [593, 2], [599, 2], [601, 2], [607, 2], [613, 2], [617, 2], [619, 2], [631, 2], [641, 2], [643, 2], [647, 2], [653, 2], [659, 2], [661, 2], [673, 2], [677, 2], [683, 2], [691, 2], [701, 2], [709, 2], [719, 2], [727, 2], [733, 2], [739, 2], [743, 2], [751, 2], [757, 2], [761, 2], [769, 2], [773, 2], [787, 2], [797, 2], [809, 2], [811, 2], [821, 2], [823, 2], [827, 2], [829, 2], [839, 2], [853, 2], [857, 2], [859, 2], [863, 2], [877, 2], [881, 2], [883, 2], [887, 2], [907, 2], [911, 2], [919, 2], [929, 2], [937, 2], [941, 2], [947, 2], [953, 2], [967, 2], [971, 2], [977, 2], [983, 2], [991, 2], [997, 2], [1009, 2], [1013, 2], [1019, 2], [1021, 2], [1031, 2], [1033, 2], [1039, 2], [1049, 2], [1051, 2], [1061, 2], [1063, 2], [1069, 2], [1087, 2], [1091, 2], [1093, 2], [1097, 2], [1103, 2], [1109, 2], [1117, 2], [1123, 2], [1129, 2], [1151, 2], [1153, 2], [1163, 2], [1171, 2], [1181, 2], [1187, 2], [1193, 2], [1201, 2], [1213, 2], [1217, 2], [1223, 2], [1229, 2], [1231, 2], [1237, 2], [1249, 2], [1259, 2], [1277, 2], [1279, 2], [1283, 2], [1289, 2], [1291, 2], [1297, 2], [1301, 2], [1303, 2], [1307, 2], [1319, 2], [1321, 2], [1327, 2], [1361, 2], [1367, 2], [1373, 2], [1381, 2], [1399, 2], [1409, 2], [1423, 2], [1427, 2], [1429, 2], [1433, 2], [1439, 2], [1447, 2], [1451, 2], [1453, 2], [1459, 2], [1471, 2], [1481, 2], [1483, 2], [1487, 2], [1489, 2], [1493, 2], [1499, 2], [1511, 1], [1523, 1], [1531, 1], [1543, 1], [1549, 1], [1553, 1], [1559, 1], [1567, 1], [1571, 1], [1579, 1], [1583, 1], [1597, 1], [1601, 1], [1607, 1], [1609, 1], [1613, 1], [1619, 1], [1621, 1], [1627, 1], [1637, 1], [1657, 1], [1663, 1], [1667, 1], [1669, 1], [1693, 1], [1697, 1], [1699, 1], [1709, 1], [1721, 1], [1723, 1], [1733, 1], [1741, 1], [1747, 1], [1753, 1], [1759, 1], [1777, 1], [1783, 1], [1787, 1], [1789, 1], [1801, 1], [1811, 1], [1823, 1], [1831, 1], [1847, 1], [1861, 1], [1867, 1], [1871, 1], [1873, 1], [1877, 1], [1879, 1], [1889, 1], [1901, 1], [1907, 1], [1913, 1], [1931, 1], [1933, 1], [1949, 1], [1951, 1], [1973, 1], [1979, 1], [1987, 1]]


Very, VERY LARGE NUMBER OF ONES COMPARITIVELY.

160,000 iterations and the highest prime that is not 2 is 1511.

>>> (2**6-1)-(2**5-1)
32
>>> (2**5-1)-(2**4-1)
16
>>> 2**32<3**16
False

Numbers seem to advance is a sequence along the list.

Successive terms are never larger they were before.

>>> 41**((2**3-1)-(2**2-1))
2825761
>>> 37**((2**3-1)-(2**2-1))
1874161
>>> 

Terms seem to well correlate with not being larger than the ending prime in a context entirely seperate from the process of adding.

Perhaps a brute force solution with the 500500 prime would work